    0.494841    -0.006299
    0.479062    -0.000340
    0.458854     0.006907
    0.437488     0.013883
    0.413921     0.021352
    0.387025     0.029489
    0.340093     0.042231
    0.319737     0.047255
    0.298207     0.051761
    0.271819     0.056342
    0.244604     0.060432
    0.219645     0.064123
    0.191275     0.067248
    0.166603     0.069284
    0.148623     0.070478
    0.123517     0.071947
    0.101727     0.072551
    0.079884     0.072365
    0.059425     0.069854
    0.039543     0.064823
    0.027532     0.059519
    0.016149     0.052485
    0.008508     0.045005
    0.003445     0.036758
    0.001626     0.031769
    0.000879     0.026510
    0.000924     0.021198
    0.002067     0.016012
    0.005995     0.007168
    0.012580    -0.001258
    0.022932    -0.009735
    0.034136    -0.016581
    0.053178    -0.024197
    0.073126    -0.029391
    0.094752    -0.032465
    0.116430    -0.034748
    0.141510    -0.036613
    0.159490    -0.037807
    0.184215    -0.039052
    0.212749    -0.039707
    0.237977    -0.039349
    0.265493    -0.038894
    0.292255    -0.037844
    0.314193    -0.036225
    0.335034    -0.033937
    0.383239    -0.027514
    0.410975    -0.023006
    0.435322    -0.018719
    0.457424    -0.014630
    0.478413    -0.010120
    0.494841    -0.006299
 9999.900000  9999.900000
    0.951174    -0.230302
    0.951069    -0.230239
    0.950752    -0.230050
    0.950225    -0.229734
    0.949488    -0.229293
    0.948542    -0.228727
    0.947386    -0.228036
    0.946023    -0.227222
    0.944454    -0.226286
    0.942679    -0.225229
    0.940702    -0.224052
    0.938522    -0.222757
    0.936143    -0.221346
    0.933566    -0.219820
    0.930794    -0.218182
    0.927829    -0.216434
    0.924675    -0.214577
    0.921333    -0.212615
    0.917807    -0.210549
    0.914100    -0.208382
    0.910216    -0.206117
    0.906158    -0.203757
    0.901930    -0.201305
    0.897536    -0.198763
    0.892980    -0.196134
    0.888266    -0.193422
    0.883398    -0.190630
    0.878382    -0.187762
    0.873222    -0.184820
    0.867922    -0.181808
    0.862488    -0.178729
    0.856926    -0.175587
    0.851239    -0.172387
    0.845433    -0.169130
    0.839515    -0.165822
    0.833489    -0.162466
    0.827361    -0.159066
    0.821138    -0.155626
    0.814824    -0.152149
    0.808426    -0.148641
    0.801950    -0.145105
    0.795401    -0.141545
    0.788787    -0.137965
    0.782113    -0.134371
    0.775385    -0.130766
    0.768610    -0.127154
    0.761795    -0.123540
    0.754944    -0.119928
    0.748065    -0.116324
    0.741164    -0.112730
    0.734248    -0.109153
    0.727323    -0.105595
    0.720395    -0.102063
    0.713470    -0.098560
    0.706556    -0.095091
    0.699658    -0.091659
    0.692783    -0.088271
    0.685937    -0.084929
    0.679126    -0.081639
    0.672357    -0.078404
    0.665636    -0.075228
    0.658969    -0.072116
    0.652362    -0.069072
    0.645822    -0.066099
    0.639355    -0.063201
    0.632966    -0.060381
    0.626662    -0.057644
    0.620449    -0.054991
    0.614333    -0.052427
    0.608319    -0.049955
    0.602413    -0.047577
    0.596621    -0.045295
    0.590948    -0.043113
    0.585401    -0.041032
    0.579984    -0.039055
    0.574703    -0.037184
    0.569563    -0.035420
    0.564569    -0.033765
    0.559727    -0.032220
    0.555041    -0.030787
    0.550515    -0.029466
    0.546156    -0.028259
    0.541966    -0.027167
    0.537951    -0.026190
    0.534114    -0.025328
    0.530460    -0.024583
    0.526993    -0.023954
    0.523715    -0.023441
    0.520630    -0.023046
    0.517742    -0.022767
    0.515053    -0.022605
    0.512567    -0.022559
    0.510286    -0.022630
    0.508211    -0.022818
    0.506346    -0.023122
    0.504692    -0.023541
    0.503250    -0.024077
    0.502022    -0.024728
    0.501009    -0.025494
    0.500211    -0.026375
    0.499630    -0.027370
    0.499271    -0.028466
    0.499142    -0.029647
    0.499242    -0.030914
    0.499570    -0.032264
    0.500127    -0.033698
    0.500912    -0.035213
    0.501923    -0.036810
    0.503160    -0.038486
    0.504622    -0.040239
    0.506306    -0.042068
    0.508212    -0.043971
    0.510339    -0.045945
    0.512682    -0.047989
    0.515242    -0.050100
    0.518015    -0.052276
    0.520998    -0.054514
    0.524190    -0.056811
    0.527586    -0.059164
    0.531185    -0.061572
    0.534981    -0.064031
    0.538973    -0.066538
    0.543156    -0.069091
    0.547526    -0.071686
    0.552080    -0.074322
    0.556811    -0.076994
    0.561717    -0.079701
    0.566792    -0.082439
    0.572031    -0.085206
    0.577429    -0.087999
    0.582980    -0.090815
    0.588680    -0.093653
    0.594522    -0.096509
    0.600500    -0.099381
    0.606608    -0.102266
    0.612841    -0.105162
    0.619191    -0.108068
    0.625652    -0.110980
    0.632217    -0.113897
    0.638880    -0.116816
    0.645634    -0.119735
    0.652470    -0.122653
    0.659384    -0.125567
    0.666366    -0.128475
    0.673410    -0.131376
    0.680509    -0.134268
    0.687655    -0.137148
    0.694840    -0.140015
    0.702057    -0.142867
    0.709298    -0.145703
    0.716556    -0.148520
    0.723823    -0.151317
    0.731092    -0.154091
    0.738354    -0.156842
    0.745603    -0.159567
    0.752831    -0.162265
    0.760030    -0.164933
    0.767193    -0.167570
    0.774312    -0.170174
    0.781380    -0.172744
    0.788389    -0.175278
    0.795334    -0.177773
    0.802205    -0.180228
    0.808996    -0.182641
    0.815701    -0.185011
    0.822312    -0.187336
    0.828823    -0.189614
    0.835226    -0.191843
    0.841515    -0.194023
    0.847684    -0.196150
    0.853727    -0.198224
    0.859637    -0.200244
    0.865408    -0.202207
    0.871034    -0.204112
    0.876509    -0.205959
    0.881829    -0.207745
    0.886986    -0.209470
    0.891977    -0.211132
    0.896795    -0.212730
    0.901436    -0.214263
    0.905895    -0.215731
    0.910168    -0.217132
    0.914249    -0.218465
    0.918135    -0.219730
    0.921821    -0.220927
    0.925304    -0.222053
    0.928580    -0.223109
    0.931645    -0.224094
    0.934497    -0.225008
    0.937132    -0.225851
    0.939547    -0.226621
    0.941740    -0.227319
    0.943709    -0.227944
    0.945451    -0.228496
    0.946964    -0.228974
    0.948248    -0.229380
    0.949300    -0.229712
    0.950119    -0.229970
    0.950705    -0.230155
    0.951057    -0.230266
    0.951174    -0.230302
